SNP	CHR	BP	Alleles	MAF	Distance	Correlated_Alleles	P-value
rs7837688	8	128539360	(T/G)	0.0909	0	"T=T,G=G"	1.02E-06
rs4242384	8	128518554	(C/A)	0.0808	-20806	"C=T,A=G"	2.66E-06
rs4242382	8	128517573	(A/G)	0.0808	-21787	"A=T,G=G"	2.82E-06
rs11988857	8	128531873	(G/A)	0.1061	-7487	"G=T,A=G"	3.78E-06
rs6983267	8	128413305	(G/T)	0.4848	-126055	NA	1.05E-05
rs7017300	8	128525268	(C/A)	0.1263	-14092	"C=T,A=G"	1.80E-05
rs1447295	8	128485038	(A/C)	0.0808	-54322	"A=T,C=G"	2.44E-05
rs9656816	8	128534654	(G/A)	0.0808	-4706	"G=T,A=G"	0.0001207
rs12334695	8	128453928	(T/C)	0.3788	-85432	NA	0.0004344
rs10505476	8	128408116	(C/T)	0.2323	-131244	NA	0.0007755
rs7837328	8	128423127	(A/G)	0.3535	-116233	NA	0.0008683
rs7824074	8	128588822	(T/G)	0.2929	49462	NA	0.0016573
rs7014346	8	128424792	(A/G)	0.303	-114568	NA	0.0028338
rs6991990	8	128545383	(C/T)	0.3333	6023	NA	0.0032179
rs10112382	8	128784397	(T/C)	0.3636	245037	NA	0.0081788
rs6470572	8	128768154	(A/C)	0.1919	228794	NA	0.0095692
rs4871799	8	128482642	(G/A)	0.2323	-56718	"G=T,A=G"	0.0104592
rs6470541	8	128598300	(G/A)	0.4545	58940	NA	0.0105483
rs13253127	8	128496591	(T/C)	0.4596	-42769	NA	0.0114725
rs10808555	8	128409511	(G/A)	0.2879	-129849	NA	0.0128719
rs7841193	8	128677531	(G/A)	0.4747	138171	NA	0.0133666
rs921146	8	128475185	(G/T)	0.1717	-64175	"G=T,T=G"	0.0140038
rs1447293	8	128472320	(C/T)	0.3333	-67040	"C=T,T=G"	0.0156935
rs10505473	8	128417936	(C/T)	0.1263	-121424	NA	0.0196501
rs6989963	8	128643231	(A/G)	0.4444	103871	NA	0.0198943
rs11995971	8	128657277	(A/G)	0.4899	117917	NA	0.0204343
rs6470552	8	128628601	(C/T)	0.0808	89241	NA	0.0208496
rs12375310	8	128432206	(C/A)	0.2778	-107154	NA	0.0209423
rs10956381	8	128654115	(G/A)	0.3939	114755	NA	0.0239219
rs6999921	8	128440928	(A/G)	0.096	-98432	NA	0.0240468
rs12155672	8	128507024	(A/G)	0.4949	-32336	NA	0.0264274
rs17467139	8	128412010	(A/G)	0.0455	-127350	NA	0.0269717
rs4624994	8	128624029	(G/A)	0.0808	84669	NA	0.0286361
rs17450934	8	128308837	(G/A)	0.1313	-230523	NA	0.0288902
rs17464492	8	128342866	(A/G)	0.2879	-196494	NA	0.0359232
rs620861	8	128335673	(G/A)	0.3788	-203687	NA	0.0380273
rs7818319	8	128609642	(A/G)	0.096	70282	NA	0.0385716
rs10091329	8	128601372	(A/C)	0.1162	62012	NA	0.039079
rs6985504	8	128496776	(A/G)	0.2374	-42584	"A=T,G=G"	0.0401617
rs10109622	8	128458151	(C/T)	0.2323	-81209	NA	0.0520853
rs12680047	8	128758861	(T/C)	0.3333	219501	NA	0.0540097
rs445114	8	128323181	(T/C)	0.3788	-216179	NA	0.0585864
rs6984900	8	128304269	(T/C)	0.2172	-235091	NA	0.0608092
rs16902124	8	128357218	(G/A)	0.0556	-182142	NA	0.0622441
rs13267780	8	128357817	(G/A)	0.2828	-181543	NA	0.0640776
rs4314620	8	128630589	(C/A)	0.1717	91229	NA	0.0679151
rs4733616	8	128662095	(C/T)	0.1616	122735	NA	0.0815907
rs7841264	8	128466814	(C/T)	0.202	-72546	NA	0.086136
rs13258742	8	128548678	(A/G)	0.1667	9318	NA	0.0882637
rs4313118	8	128571759	(T/C)	0.2525	32399	NA	0.0908495
rs4733766	8	128581326	(T/C)	0.3687	41966	NA	0.1126785
rs4551310	8	128626960	(T/C)	0.4242	87600	NA	0.113288
rs377649	8	128337241	(G/T)	0.4495	-202119	NA	0.119668
rs7817632	8	128660096	(A/G)	0.3485	120736	NA	0.1215796
rs4733879	8	128655401	(A/G)	0.4697	116041	NA	0.1259921
rs7388104	8	128624424	(C/T)	0.4545	85064	NA	0.1262817
rs587948	8	128341680	(T/G)	0.4192	-197680	NA	0.127974
rs13271223	8	128637616	(T/C)	0.4798	98256	NA	0.1419476
rs4593503	8	128678986	(T/C)	0.0909	139626	NA	0.1468803
rs12543549	8	128680999	(G/A)	0.303	141639	NA	0.1511879
rs2060775	8	128378626	(T/C)	0.2677	-160734	NA	0.1619951
rs12543106	8	128573298	(A/G)	0.2424	33938	NA	0.1628017
rs4733655	8	128568856	(G/A)	0.2424	29496	NA	0.1630696
rs7830412	8	128471041	(G/A)	0.0455	-68319	NA	0.1784959
rs4552863	8	128603440	(C/T)	0.4545	64080	NA	0.1909916
rs16902173	8	128503999	(A/G)	0.1414	-35361	NA	0.1949672
rs7841228	8	128460878	(A/G)	0.2273	-78482	NA	0.2141697
rs6985681	8	128663719	(T/C)	0.4293	124359	NA	0.2275377
rs7012462	8	128457690	(T/C)	0.3889	-81670	NA	0.2414553
rs4645959	8	128750540	(A/G)	0.0505	211180	NA	0.2482586
rs10956365	8	128403887	(G/A)	0.1616	-135473	NA	0.2491784
rs6981913	8	128775635	(T/C)	0.1566	236275	NA	0.2499925
rs10086608	8	128487522	(G/A)	0.0859	-51838	NA	0.2537819
rs11783049	8	128567288	(G/A)	0.1111	27928	NA	0.2703067
rs13268507	8	128637467	(A/G)	0.4697	98107	NA	0.2737133
rs424281	8	128339426	(G/A)	0.404	-199934	NA	0.2742322
rs283721	8	128310493	(A/G)	0.1515	-228867	NA	0.2866389
rs4733739	8	128578015	(T/C)	0.202	38655	NA	0.3127317
rs16902126	8	128382357	(A/G)	0.3687	-157003	NA	0.3176799
rs4130120	8	128644955	(T/C)	0.1111	105595	NA	0.3285476
rs4733560	8	128779001	(G/A)	0.4596	239641	NA	0.3353321
rs4407842	8	128550123	(A/G)	0.4798	10763	NA	0.344306
rs687279	8	128344624	(C/T)	0.3485	-194736	NA	0.3520953
rs1995613	8	128321943	(T/G)	0.0606	-217417	NA	0.356989
rs4143118	8	128377468	(A/G)	0.5	-161892	NA	0.3588211
rs731900	8	128390660	(G/A)	0.1919	-148700	NA	0.364563
rs1562430	8	128387852	(T/C)	0.3636	-151508	NA	0.3658723
rs1562871	8	128401772	(C/T)	0.1818	-137588	NA	0.3826125
rs7844673	8	128403514	(T/G)	0.0859	-135846	NA	0.3884583
rs9693995	8	128368513	(C/T)	0.4949	-170847	NA	0.3928081
rs2007197	8	128311559	(T/C)	0.1616	-227801	NA	0.4104224
rs4385433	8	128665480	(C/T)	0.3737	126120	NA	0.4359068
rs4620244	8	128566142	(G/T)	0.1616	26782	NA	0.4377358
rs10098985	8	128355019	(G/T)	0.3535	-184341	NA	0.4392008
rs6470517	8	128460404	(A/G)	0.1667	-78956	NA	0.448178
rs7814251	8	128538217	(C/T)	0.2071	-1143	NA	0.4611487
rs6470532	8	128568359	(A/G)	0.4899	28999	NA	0.4616266
rs4451272	8	128613730	(A/G)	0.2727	74370	NA	0.4628504
rs9297758	8	128486588	(G/A)	0.4242	-52772	NA	0.4858357
rs672888	8	128345463	(A/G)	0.4697	-193897	NA	0.4911939
rs4871808	8	128513545	(C/T)	0.1414	-25815	NA	0.4945213
rs7840975	8	128705161	(C/T)	0.0404	165801	NA	0.4964501
rs16902169	8	128496506	(C/A)	0.2222	-42854	NA	0.5062675
rs4871780	8	128291578	(C/T)	0.4242	-247782	NA	0.5064
rs4645943	8	128747471	(C/T)	0.0606	208111	NA	0.5088469
rs6470563	8	128708570	(T/G)	0.0909	169210	NA	0.5367272
rs17774098	8	128774649	(C/T)	0.1212	235289	NA	0.5410944
rs6984136	8	128320138	(C/T)	0.0606	-219222	NA	0.5522008
rs7386167	8	128568712	(A/G)	0.3586	29352	NA	0.5799409
rs4733597	8	128617612	(T/C)	0.3939	78252	NA	0.5880201
rs10505504	8	128700344	(C/T)	0.4141	160984	NA	0.5890559
rs1562432	8	128507602	(T/C)	0.1414	-31758	NA	0.6001104
rs7462301	8	128757350	(G/A)	0.0152	217990	NA	0.6072476
rs4562278	8	128664590	(A/C)	0.202	125230	NA	0.6191799
rs7820981	8	128400176	(T/C)	0.4747	-139184	NA	0.6507185
rs6986543	8	128396316	(C/A)	0.3081	-143044	NA	0.6583526
rs896324	8	128396512	(G/A)	0.096	-142848	NA	0.6652035
rs185852	8	128293466	(A/G)	0.1818	-245894	NA	0.6801777
rs412835	8	128295710	(C/A)	0.4192	-243650	NA	0.6888862
rs7815738	8	128590962	(C/T)	0.1566	51602	NA	0.7004065
rs6995633	8	128440651	(A/G)	0.0556	-98709	NA	0.7297385
rs4871791	8	128458644	(C/T)	0.4495	-80716	NA	0.7310471
rs11775749	8	128494666	(G/A)	0.0455	-44694	NA	0.7622795
rs7845292	8	128702676	(T/C)	0.4545	163316	NA	0.7696979
rs10505505	8	128739771	(T/G)	0.0455	200411	NA	0.7780595
rs12547643	8	128713173	(G/A)	0.303	173813	NA	0.7787583
rs7005795	8	128623639	(G/T)	0.4646	84279	NA	0.7834551
rs4733658	8	128690629	(T/C)	0.2828	151269	NA	0.8032923
rs283720	8	128309965	(A/G)	0.298	-229395	NA	0.8095127
rs10098729	8	128564798	(T/C)	0.0909	25438	NA	0.8172047
rs283718	8	128307082	(C/T)	0.4545	-232278	NA	0.8192848
rs4733676	8	128706719	(T/G)	0.4495	167359	NA	0.829178
rs11782735	8	128366604	(C/T)	0.1364	-172756	NA	0.8453468
rs7820103	8	128704260	(T/C)	0.4545	164900	NA	0.8769235
rs4645956	8	128750212	(C/T)	0.0859	210852	NA	0.8834338
rs4733677	8	128711821	(C/T)	0.2576	172461	NA	0.9069518
rs11774100	8	128693521	(C/T)	0.404	154161	NA	0.9079593
rs4129666	8	128603409	(T/C)	0.1212	64049	NA	0.9240422
rs283710	8	128289591	(C/T)	0.2323	-249769	NA	0.9241482
rs11776260	8	128382488	(A/G)	0.1414	-156872	NA	0.9248327
rs6470530	8	128558990	(A/G)	0.4091	19630	NA	0.9272593
rs1562431	8	128507651	(C/T)	0.0808	-31709	NA	0.9274941
rs16902328	8	128713873	(T/G)	0.0808	174513	NA	0.9442337
rs9642880	8	128718068	(G/T)	0.4091	178708	NA	0.9659819
